[gd_scene format=3 uid="uid://08xpshkrayvx"]

[ext_resource type="ArrayMesh" uid="uid://cg44rggprusy3" path="res://Collision/character-female-b.obj" id="1_fv6dv"]
[ext_resource type="Script" uid="uid://mcna6dfuwes7" path="res://Collision/player_movement.gd" id="1_nc17b"]
[ext_resource type="PackedScene" uid="uid://byukcuwch8e7a" path="res://Collision/tree.tscn" id="1_pf7po"]
[ext_resource type="PackedScene" uid="uid://dqv88qm6inue" path="res://Collision/bounce_pad.tscn" id="4_15bix"]

[sub_resource type="PhysicsMaterial" id="PhysicsMaterial_fv6dv"]
friction = 0.0

[sub_resource type="BoxShape3D" id="BoxShape3D_nc17b"]
size = Vector3(0.77441406, 1.2378998, 0.84265137)

[sub_resource type="BoxMesh" id="BoxMesh_fv6dv"]

[sub_resource type="BoxMesh" id="BoxMesh_5dn6e"]

[sub_resource type="BoxShape3D" id="BoxShape3D_pf7po"]

[sub_resource type="Environment" id="Environment_5dn6e"]
background_mode = 1
background_color = Color(0.30255407, 0.62569124, 0.7328591, 1)

[node name="Main" type="Node3D" unique_id=1792561506]

[node name="Player" type="RigidBody3D" parent="." unique_id=1420820471 groups=["Player"]]
transform = Transform3D(1, 0, 0, 0, 0.9396926, 0.34202012, 0, -0.34202012, 0.9396926, 0, 5.1751947, 13.131124)
axis_lock_angular_x = true
axis_lock_angular_y = true
axis_lock_angular_z = true
physics_material_override = SubResource("PhysicsMaterial_fv6dv")
contact_monitor = true
max_contacts_reported = 10
script = ExtResource("1_nc17b")
move_speed = 10.0

[node name="Playermodel" type="MeshInstance3D" parent="Player" unique_id=566601356]
transform = Transform3D(-1, 0, -8.742278e-08, 0, 1, 0, 8.742278e-08, 0, -1, 0, 0, 0)
mesh = ExtResource("1_fv6dv")

[node name="CollisionShape3D" type="CollisionShape3D" parent="Player" unique_id=1020723912]
transform = Transform3D(1, 0, 0, 0, 1.000002, 2.9802322e-07, 0, -2.9802322e-07, 1.000002, 0, 0.16951704, 3.8146973e-06)
shape = SubResource("BoxShape3D_nc17b")

[node name="Camera3D" type="Camera3D" parent="Player" unique_id=316884872]
transform = Transform3D(1, 0, 0, 0, 0.9631486, 0.2689703, 0, -0.2689703, 0.9631486, 0, 1.0101128, 0.99694824)

[node name="MeshInstance3D" type="MeshInstance3D" parent="Player" unique_id=1536061170]
transform = Transform3D(0.15430696, 0, 0, 0, 0.039104085, 5.9604645e-08, 0, -9.313226e-10, 0.58634496, -0.08649257, 0.0044207573, 0.0016107559)
mesh = SubResource("BoxMesh_fv6dv")

[node name="MeshInstance3D2" type="MeshInstance3D" parent="Player" unique_id=611254847]
transform = Transform3D(0.15430696, 0, 0, 0, 0.03910409, 7.4505806e-08, 0, -1.8626451e-09, 0.586345, 0.09283802, 0.0044207573, 0.0016117096)
mesh = SubResource("BoxMesh_fv6dv")

[node name="GroundDetector" type="RayCast3D" parent="Player" unique_id=35008669]
transform = Transform3D(1, 0, 0, 0, 1, 3.154344e-08, 0, -3.154344e-08, 1, 0, 0, 0)
target_position = Vector3(0, -0.5, 0)

[node name="Ground" type="StaticBody3D" parent="." unique_id=963553719 groups=["Floor"]]
transform = Transform3D(12, 0, 0, 0, 0.2819078, 10.260603, 0, -0.102606036, 28.190779, -0.01282692, 0, -0.10412121)

[node name="GroundModel" type="MeshInstance3D" parent="Ground" unique_id=1025916868]
transform = Transform3D(1, 0, 0, 0, 1, 2.3283064e-10, 0, -2.3283064e-10, 1, 0, 0, 0)
mesh = SubResource("BoxMesh_5dn6e")

[node name="CollisionShape3D" type="CollisionShape3D" parent="Ground" unique_id=201899546]
transform = Transform3D(1, 0, 0, 0, 1, -7.6293945e-06, 0, 6.9849193e-10, 1, 0, 0, 0)
shape = SubResource("BoxShape3D_pf7po")

[node name="WorldEnvironment" type="WorldEnvironment" parent="." unique_id=586177079 groups=["Floor"]]
environment = SubResource("Environment_5dn6e")

[node name="DirectionalLight3D" type="DirectionalLight3D" parent="." unique_id=1211283630]
transform = Transform3D(0.9179486, 0.09945291, 0.3840306, -0.39669928, 0.23013057, 0.88863343, 0, -0.9680645, 0.25070092, 0, 4.970482, 0)
shadow_enabled = true
shadow_bias = 1.0
shadow_blur = 0.5

[node name="Tree" parent="." unique_id=230274106 instance=ExtResource("1_pf7po")]
transform = Transform3D(1, 0, 0, 0, 0.93969256, 0.3420201, 0, -0.3420201, 0.93969256, 0, -3.5850363, -12.910508)

[node name="Tree2" parent="." unique_id=360366038 instance=ExtResource("1_pf7po")]
transform = Transform3D(1, 0, 0, 0, 0.9396926, 0.34202012, 0, -0.34202012, 0.9396926, 2.891088, 2.849431, 4.6998386)

[node name="Tree3" parent="." unique_id=1323914026 instance=ExtResource("1_pf7po")]
transform = Transform3D(1, 0, 0, 0, 0.9396926, 0.34202012, 0, -0.34202012, 0.9396926, -3.2683182, 2.849431, 4.6998386)

[node name="Tree4" parent="." unique_id=1081481876 instance=ExtResource("1_pf7po")]
transform = Transform3D(1, 0, 0, 0, 0.9396926, 0.34202012, 0, -0.34202012, 0.9396926, -3.2683182, 4.7281733, 9.736505)

[node name="Tree5" parent="." unique_id=896322434 instance=ExtResource("1_pf7po")]
transform = Transform3D(1, 0, 0, 0, 0.9396926, 0.34202012, 0, -0.34202012, 0.9396926, 4.3247323, 4.7281733, 9.736505)

[node name="Tree6" parent="." unique_id=2050685351 instance=ExtResource("1_pf7po")]
transform = Transform3D(1, 0, 0, 0, 0.9396926, 0.34202012, 0, -0.34202012, 0.9396926, 4.3247323, -0.039073467, -3.4895105)

[node name="Tree7" parent="." unique_id=1998720223 instance=ExtResource("1_pf7po")]
transform = Transform3D(1, 0, 0, 0, 0.9396926, 0.34202012, 0, -0.34202012, 0.9396926, -0.20769548, -1.0620947, -5.9078164)

[node name="BouncePad" parent="." unique_id=594086565 instance=ExtResource("4_15bix")]
transform = Transform3D(1, 0, 0, 0, 0.93969256, 0.3420201, 0, -0.3420201, 0.93969256, 0, 0.30360103, 0)

[connection signal="body_entered" from="Player" to="Player" method="_on_body_entered"]
